checkpoint=results/checkpoints/epoch_202.pt
ctx_len=1024
n_embd=512
n_layer=12
train_loss=1.040832
train_bpc=1.501604
test_loss=1.123864
test_bpc=1.621393
r_hat=0.130855
params_m=41.226240
max_test_steps=250
include_train_bpc=True
stride=1024
energy_only=False
