checkpoint=results/checkpoints/epoch_197.pt
ctx_len=1024
n_embd=512
n_layer=12
train_loss=1.047464
train_bpc=1.511171
test_loss=1.128475
test_bpc=1.628045
r_hat=0.130877
params_m=41.226240
max_test_steps=250
include_train_bpc=True
stride=1024
energy_only=False
